auc rf: 0.8791423001949318
auc_lr: 0.8947368421052632
p-value: 0.22779999398822554
chi_squared: 1.4545454545454546